121.40141
31.3303188896
121.40141
31.3302977792
121.40141
31.3302766688
121.40141
31.3302555584
121.40141
31.330234448
121.40141
31.3302133375
121.40141
31.3301922271
121.40141
31.3301711167
121.40141
31.3301500063
121.40141
31.3301288959
121.40141
31.3301077855
121.40141
31.3300866751
121.40141
31.3300655647
121.40141
31.3300444543
121.40141
31.3300233439
121.40141
31.3300022335
121.40141
31.329981123
121.40141
31.3299600126
121.40141
31.3299389022
121.40141
31.3299389022
121.401403677
31.3299389022
121.401397356
31.3299389022
121.401391034
31.3299389022
121.401384711
31.3299389022
121.40137839
31.3299389022
121.401372068
31.3299389022
121.401365745
31.3299389022
121.401359424
31.3299389022
121.401353102
31.3299389022
121.401346779
31.3299389022
121.401340458
31.3299389022
121.401334135
31.3299389022
121.401327813
31.3299389022
121.401321492
31.3299389022
121.401315169
31.3299389022
121.401315169
31.3299600126
121.401315169
31.329981123
121.401315169
31.3300022334
121.401315169
31.3300233438
121.401315169
31.3300444542
121.401315169
31.3300655646
121.401315169
31.3300866751
121.401315169
31.3301077855
121.401315169
31.3301288959
121.401315169
31.3301500063
121.401315169
31.3301711167
121.401315169
31.3301922271
121.401315169
31.3302133375
121.401315168
31.3302344479
121.401315168
31.3302555583
121.401315168
31.3302766687
121.401315168
31.3302977791
121.401315168
31.3303188896
121.401315168
31.33034
121.401315168
31.33034
121.401308845
31.33034
121.401302524
31.33034
121.401296202
31.3303399999
121.401289879
31.3303399999
121.401283558
31.3303399999
121.401277235
31.3303399999
121.401270913
31.3303399999
121.401264592
31.3303399999
121.401258269
31.3303399999
121.401251946
31.3303399999
121.401245625
31.3303399999
121.401239303
31.3303399999
121.40123298
31.3303399999
