0.0
0.0
0.0
2.35
0.0
4.7
0.0
7.05
0.0
9.4
0.0
11.75
0.0
14.1
0.0
16.45
0.0
18.8
0.0
21.15
0.0
23.5
0.0
25.85
0.0
28.2
0.0
30.55
0.0
32.9
0.0
35.25
0.0
37.6
0.0
39.95
0.0
42.3
0.0
44.65
0.0
44.65
0.3667
44.65
0.7333
44.65
1.1
44.65
1.4667
44.65
1.8333
44.65
2.2
44.65
2.5667
44.65
2.9333
44.65
3.3
44.65
3.6667
44.65
4.0333
44.65
4.4
44.65
4.7667
44.65
5.1333
44.65
5.5
44.65
5.5
42.3
5.5
39.95
5.5
37.6
5.5
35.25
5.5
32.9
5.5
30.55
5.5
28.2
5.5
25.85
5.5
23.5
5.5
21.15
5.5
18.8
5.5
16.45
5.5
14.1
5.5
11.75
5.5
9.4
5.5
7.05
5.5
4.7
5.5
2.35
5.5
0.0
5.5
0.0
5.8667
0.0
6.2333
0.0
6.6
0.0
6.9667
0.0
7.3333
0.0
7.7
0.0
8.0667
0.0
8.4333
0.0
8.8
0.0
9.1667
0.0
9.5333
0.0
9.9
0.0
10.2667
0.0
10.6333
0.0
